 125 117 117 113 111 105  85  72  83 103 100  91  88  84  83  79
 119 115 113 112 101  68  60  61  63  71  99  96  91  87  84  80
 116 117 115 109  69  67  70  67  70  69  79  98  91  85  83  78
 117 110 111  94  68  68  70  71  73  73  80 100  92  86  86  81
 112 110 102  64  64  67  72  82  83  96  92 102  94  88  84  81
 107  84  58  58  62  69  83 103 103 118 107 103  96  91  86  81
  67  65  64  66  68  72 107 109 100 128 111 103  95  92  87  80
  72  75  73  73  73  84 105 100 127 128 104  96  93  86  84  80
  76  77  75  74  88 101  93 114 107 106 100  94  90  84  80  78
  76  79  79  79 105 106  83  82 100 103  99  92  87  86  82  79
  78  87  86  86 119  90  79  78 106  99  95  87  87  79  80  77
  81  88  88  91 111  82  79  84 108  99  95  88  64  81  81  74
  83  87  88  96  90  82  79  80  85  98  92  87  64  74  69  75
  81  84  85  88  83  78  78  79  77  73  84  93  66  72  64  63
  80  82  83  84  81  82  85  77  76  75  72  71  75  70  68  63
  86  90  86  80  87  82  83  80  77  74  77  79  76  72  72  68
 136 129 130 124 122 116  93  79  88 111 109 103  97  91  89  84
 129 124 124 122 112  67  57  58  59  67 102 103  98  94  90  85
 125 126 125 119  73  58  59  57  61  60  72 102  97  94  91  85
 127 124 124 100  60  59  59  60  60  60  69 103  97  93  92  86
 125 122 112  65  61  61  66  69  66  82  85 101  97  92  89  86
 123  99  67  59  58  59  73  89  87 101  96 102  98  94  90  87
  65  63  61  60  59  63  87  90  83 116 104 101  97  95  92  85
  64  62  62  60  59  71  87  80 107 113 103 101  98  93  91  86
  67  63  61  60  75  89  78  98  89 104 101  99  95  90  87  84
  65  61  59  61  88  87  60  61  85 101 100  95  94  91  89  85
  63  64  61  62  99  70  58  62  97 101 100  95  95  89  88  84
  63  63  63  68  90  61  60  69 100  99  96  91  69  86  87  81
  64  62  63  74  70  62  59  63  73  93  94  91  64  76  69  78
  63  61  62  68  65  59  58  63  63  62  74  88  69  70  63  63
  67  64  64  61  58  58  62  62  64  65  62  62  70  65  63  59
  69  66  63  57  68  61  62  65  66  64  66  70  67  62  63  62
 140 135 136 132 129 123 101  82  91 116 114 104 101  97  96  91
 138 137 136 135 122  76  66  62  61  73 111 113 107 102  98  94
 133 135 133 129  83  67  68  61  63  64  80 117 108 103 100  95
 137 133 134 112  68  65  64  63  62  62  75 114 107 101 100  96
 136 134 125  76  66  63  68  71  69  86  88 108 105 101  97  94
 131 106  76  67  64  68  81  94  91 104  98 105 102  98  96  93
  71  69  66  63  63  69  94  93  90 117 105 104 101 100  97  90
  65  66  65  64  62  74  88  82 111 115 104 102 101  97  96  93
  69  65  63  62  77  89  78 100  91 106 106 103  99  97  95  92
  66  63  60  62  89  83  58  61  91 105 105 101  99  97  96  93
  65  66  64  65  98  68  61  65  98 102 101  98  98  92  93  90
  65  63  64  70  89  60  61  72 101 101 100  93  71  90  92  86
  67  65  66  76  72  66  63  66  79  99  99  97  69  80  78  88
  65  64  66  79  83  74  68  70  70  68  83  95  69  73  68  68
  68  68  74  86  83  74  71  67  69  69  66  66  73  69  69  63
  71  82  88  76  79  69  65  67  67  66  67  71  72  67  68  66

  79  80  78  81  81  81  80  80  78  79  77  74  75  63  63  68
  83  84  83  86  84  86  87  84  80  82  80  81  69  64  68  72
  84  87  85  86  88  91  92  86  84  86  79  81  74  72  70  72
  88  91  91  92  94  96  95  93  90  87  87  64  64  66  75  76
  91  96  98 100 102 103 103  96  94  92  87  88  87  93  71  79
 100  99  79  80  92 107 111 104 100  99  95  95  92  84  72  77
 103  71  69  73  96 118 128 128 106 103  99  99  98  73  75  74
  83  63  70  73  83 103 100 127 107 100 106 108  85  77  76  77
  72  61  67  71  82 103 109 100 114  82  78  84  80  79  77  80
  85  60  70  70  72  83 107 105  93  83  79  79  79  78  85  83
 105  68  67  68  67  69  72  84 101 106  90  82  82  78  82  82
 111 101  69  68  64  62  68  73  88 105 119 111  90  83  81  87
 113 112 109  94  64  58  66  73  74  79  86  91  96  88  84  80
 117 113 115 111 102  58  64  73  75  79  86  88  88  85  83  86
 117 115 117 110 110  84  65  75  77  79  87  88  87  84  82  90
 125 119 116 117 112 107  67  72  76  76  78  81  83  81  80  86
  84  85  85  86  86  87  85  86  84  85  84  81  78  63  59  62
  89  90  91  92  89  90  92  91  87  89  88  87  69  63  63  63
  91  94  94  93  92  94  95  93  90  91  89  86  76  70  65  62
  97  98  97  97  97  98  97  98  95  94  95  69  64  69  70  67
 103 103 102 103 101 102 101 101  99  95  95  91  91  88  62  70
 109 102  72  69  85  96 104 103 101 100 100  96  94  74  62  66
 111  67  60  60  82 101 116 113 104 101 101  99  93  62  65  64
  88  59  61  60  66  87  83 107  89  85  97 100  73  63  64  66
  79  58  57  60  69  89  90  80  98  61  62  69  63  63  62  65
  93  57  59  59  66  73  87  87  78  60  58  60  59  58  62  62
 116  67  58  59  61  59  63  71  89  87  70  61  62  59  58  61
 122 112  73  60  61  58  59  59  75  88  99  90  70  65  58  68
 124 122 119 100  65  59  60  60  60  61  62  68  74  68  61  57
 130 124 125 124 112  67  61  62  61  59  61  63  63  62  64  63
 129 124 126 124 122  99  63  62  63  61  64  63  62  61  64  66
 136 129 125 127 125 123  65  64  67  65  63  63  64  63  67  69
  91  94  95  96  94  93  90  93  92  93  90  86  88  68  63  66
  96  98 100 100  97  96  97  96  95  96  93  92  78  68  69  68
  97 102 103 101 101  98 100  97  97  97  92  90  80  73  69  67
 101 107 108 107 105 102 101 101  99  99  98  71  69  69  73  72
 104 113 117 114 108 105 104 102 103 101  98  93  97  95  66  71
 114 111  80  75  88  98 105 104 106 105 101 100  99  83  66  67
 116  73  64  62  86 104 117 115 106 105 102 101  99  68  69  66
  91  61  63  62  69  91  90 111  91  91  98 101  79  70  69  67
  82  62  61  63  71  94  93  82 100  61  65  72  66  70  67  67
 101  66  68  64  68  81  94  88  78  58  61  61  63  68  71  65
 123  76  67  65  63  68  69  74  89  83  68  60  66  74  74  69
 129 122  83  68  66  64  63  62  77  89  98  89  72  83  83  79
 132 135 129 112  76  67  63  64  62  62  65  70  76  79  86  76
 136 136 133 134 125  76  66  65  63  60  64  64  66  66  74  88
 135 137 135 133 134 106  69  66  65  63  66  63  65  64  68  82
 140 138 133 137 136 131  71  65  69  66  65  65  67  65  68  71

  68  72  72  76  79  77  74  77  80  83  82  87  80  86  90  86
  63  68  70  75  71  72  75  76  77  85  82  81  84  83  82  80
  63  64  72  66  93  84  73  77  79  78  78  83  88  85  84  81
  75  69  74  64  87  92  98  85  80  79  82  90  96  88  87  83
  74  81  81  64  88  95  99 108  84  79  82 111  91  88  88  81
  77  80  79  87  87  95  99 106  78  79  90 119  86  86  87  78
  79  82  86  87  92  99 103 100  82  83 106 105  79  79  79  76
  78  80  84  90  94 100 106 107 114  93 101  88  74  75  77  76
  80  84  86  93  96 104 128 127 100 105  84  73  73  73  75  72
  80  87  92  95 103 111 128 100 109 107  72  68  66  64  65  67
  81  86  91  96 103 107 118 103 103  83  69  62  58  58  84 107
  81  84  88  94 102  92  96  83  82  72  67  64  64 102 110 112
  81  86  86  92 100  80  73  73  71  70  68  68  94 111 110 117
  78  83  85  91  98  79  69  70  67  70  67  69 109 115 117 116
  80  84  87  91  96  99  71  63  61  60  68 101 112 113 115 119
  79  83  84  88  91 100 103  83  72  85 105 111 113 117 117 125
  62  63  62  67  70  66  64  66  65  62  61  68  57  63  66  69
  59  63  65  70  62  62  65  64  62  62  58  58  61  64  64  67
  63  63  70  69  88  74  62  63  63  58  59  65  68  62  61  63
  78  69  76  64  91  94  93  73  63  59  62  70  74  63  62  64
  81  87  86  69  91  96  99 100  69  60  61  90  68  63  63  63
  84  88  89  95  95 100 101  97  62  58  70  99  62  61  64  63
  85  89  91  94  95 100 101  85  61  60  87  88  61  59  61  65
  84  87  90  95  99 101 104  89  98  78  89  75  60  61  63  67
  86  91  93  98 101 103 113 107  80  87  71  59  60  62  62  64
  85  92  95  97 101 104 116  83  90  87  63  59  60  61  63  65
  87  90  94  98 102  96 101  87  89  73  59  58  59  67  99 123
  86  89  92  97 101  85  82  66  69  66  61  61  65 112 122 125
  86  92  93  97 103  69  60  60  60  59  59  60 100 124 124 127
  85  91  94  97 102  72  60  61  57  59  58  73 119 125 126 125
  85  90  94  98 103 102  67  59  58  57  67 112 122 124 124 129
  84  89  91  97 103 109 111  88  79  93 116 122 124 130 129 136
  66  68  67  72  71  67  66  67  67  65  69  79  76  88  82  71
  63  69  69  73  66  66  69  69  67  71  74  83  86  74  68  68
  68  68  73  69  95  83  68  70  70  68  74  83  79  66  64  65
  88  78  80  69  97  99  99  79  66  63  66  72  76  66  65  67
  86  92  90  71  93 100 101 101  72  61  60  89  70  64  63  65
  90  93  92  98  98 101 102  98  65  61  68  98  65  64  66  65
  93  96  97  99 101 105 105  91  61  58  83  89  62  60  63  66
  92  95  97  99 103 106 106  91 100  78  89  77  62  63  65  69
  93  96  97 101 102 104 115 111  82  88  74  62  64  65  66  65
  90  97 100 101 104 105 117  90  93  94  69  63  63  66  69  71
  93  96  98 102 105  98 104  91  94  81  68  64  67  76 106 131
  94  97 101 105 108  88  86  69  71  68  63  66  76 125 134 136
  96 100 101 107 114  75  62  62  63  64  65  68 112 134 133 137
  95 100 103 108 117  80  64  63  61  68  67  83 129 133 135 133
  94  98 102 107 113 111  73  61  62  66  76 122 135 136 137 138
  91  96  97 101 104 114 116  91  82 101 123 129 132 136 135 140

  86  80  81  83  81  78  76  76  72  67 107 112 117 116 119 125
  90  82  84  87  88  87  79  77  75  65  84 110 110 117 115 117
  86  83  85  88  88  86  79  75  73  64  58 102 111 115 113 117
  80  84  88  96  91  86  79  74  73  66  58  64  94 109 112 113
  87  81  83  90 111 119 105  88  73  68  62  64  68  69 101 111
  82  82  78  82  82  90 106 101  84  72  69  67  68  67  68 105
  83  85  78  79  79  79  83  93 105 107  83  72  70  70  60  85
  80  77  79  80  84  78  82 114 100 109 103  82  71  67  61  72
  77  76  77  85 108 106 100 107 127 100 103  83  73  70  63  83
  74  75  73  98  99  99 103 106 128 128 118  96  73  69  71 103
  77  72  84  92  95  95  99 100 104 111 107  92  80  79  99 100
  79  71  93  87  88  87  92  94  96 103 103 102 100  98  96  91
  76  75  66  64  64  87  87  90  93  95  96  94  92  91  91  88
  72  70  72  74  81  79  86  84  86  92  91  88  86  85  87  84
  72  68  64  69  81  80  82  80  84  87  86  84  86  83  84  83
  68  63  63  75  74  77  79  78  80  80  81  81  81  78  80  79
  69  67  63  64  63  63  65  67  64  65 123 125 127 125 129 136
  66  64  61  62  63  64  61  63  62  63  99 122 124 126 124 129
  63  64  62  63  63  61  59  61  62  61  67 112 124 125 124 130
  57  61  68  74  68  62  61  60  60  60  59  65 100 119 122 124
  68  58  65  70  90  99  88  75  59  59  58  61  60  73 112 122
  61  58  59  62  61  70  87  89  71  63  59  61  59  58  67 116
  62  62  58  59  60  58  60  78  87  87  73  66  59  59  57  93
  65  62  63  63  69  62  61  98  80  90  89  69  60  57  58  79
  66  64  63  73 100  97  85  89 107  83  87  66  60  61  59  88
  64  65  62  93  99 101 101 104 113 116 101  82  60  60  67 111
  66  62  74  94  96 100 100 101 103 104  96  85  69  72 102 109
  70  62  88  91  91  95  95  99 101 101 102 101 103 102 103 103
  67  70  69  64  69  95  94  95  98  97  98  97  97  97  98  97
  62  65  70  76  86  89  91  90  93  95  94  92  93  94  94  91
  63  63  63  69  87  88  89  87  91  92  90  89  92  91  90  89
  62  59  63  78  81  84  85  84  86  85  87  86  86  85  85  84
  71  68  65  67  65  65  66  69  65  71 131 136 137 133 138 140
  82  68  64  65  63  66  63  65  66  69 106 134 133 135 137 135
  88  74  66  66  64  64  60  63  65  66  76 125 134 133 136 136
  76  86  79  76  70  65  62  62  64  63  67  76 112 129 135 132
  79  83  83  72  89  98  89  77  62  63  64  66  68  83 122 129
  69  74  74  66  60  68  83  89  74  69  68  63  65  67  76 123
  65  71  68  63  61  61  58  78  88  94  81  68  64  68  66 101
  67  67  70  66  72  65  61 100  82  93  94  71  63  61  62  82
  67  69  70  79 101  98  91  91 111  90  91  69  62  63  61  91
  66  69  68  99 101 102 105 106 115 117 104  86  62  64  73 116
  67  66  83  99 100 101 105 106 104 105  98  88  75  80 111 114
  71  66  95  97  93  98 101 103 102 104 105 108 114 117 113 104
  72  73  69  69  71  98  99  99 101 101 102 105 107 108 107 101
  67  69  73  80  90  92  97  97  97 100  98 101 101 103 102  97
  68  69  68  78  92  93  96  95  96  97  96  97 100 100  98  96
  66  63  68  88  86  90  93  92  93  90  93  94  96  95  94  91

