  72  57  59  55  59  55  76  57  60  57  81 112 140 165 159 150
  87  91  66  51  41  38  41  42  45  49  53  63 103 151 149 140
  69  78  64  45  40  45  48  49  47  47  50  54  59  76  81  99
  63  64  47  46  51  65  58  49  48  51  48  47  53  62  74  94
  59  52  43  49  73  74  72  67  70  72  72  63  59  51  86 103
  63  64  48  55  71  53  52  62  80  72  74  87  89  57  85 116
  63  68  49  75  76  72  71  64  80  67  63  69  83  53 110 154
  94  88  55  90  73  54  61  63  84  67  47  69  91  66 149 178
  84  84  68 100  95  82  71  71  88  92  76  87 106 107 170 174
  65  66  76  93  76  66  61  67  78  88  71 101 118  97  94  98
  77  59  68  83  61  65  69  62  70  90  77  68  91  75  67  68
  67  60  63  79  70  59  74  92 103  89  78  67  81  72  68  70
  72  65  65  73  74  74  73  70  81  94  91  78  73  75  63  55
  72  69  68  77  75  69  65  67  82  93  90  79  69  73  66  58
  73  78  72  84  63  57  61  62  74  81  79  83  65  65  67  64
  62  55  66  97  64  54  50  49  57  70  92  71  67  76  78  51
  78  68  72  70  78  72  92  80  89  87  93 114 130 149 147 140
  93 100  80  66  56  49  49  46  47  49  52  60 108 138 140 135
  72  84  78  57  48  47  47  45  45  45  48  51  54  77  97 119
  72  78  60  53  54  63  57  47  45  49  46  44  50  64  91 116
  63  64  54  51  74  78  78  73  76  77  78  68  62  50 105 122
  67  74  52  55  76  60  59  67  87  80  81  92  91  49  93 127
  75  83  53  73  85  80  79  73  87  73  68  71  85  44 109 148
 118 129  65  93  86  67  68  71  94  80  61  79  97  60 147 160
 137 136  94 106 104  90  77  76  91  96  81  88 110 103 163 160
 107 107 109 104  86  75  70  76  82  91  77  99 113 107 115 122
  89  90  94  94  74  75  79  71  77  94  85  74  94 102 105 106
  80  82  86  96  83  69  80 101 112  95  75  78  93  98 100 104
  82  83  85  90  89  88  82  78  85  96  95  90  94 107 112 104
  89  91  92  98  92  84  76  75  86  98  96  91  96 106 107 100
  97 102  97 102  80  72  72  71  81  87  85  94  91  93  95  96
  70  61  62 101  76  66  60  57  63  76  98  75  62  86  94  74
  69  57  60  57  64  58  75  63  73  73  79  99 122 137 140 131
  85  93  72  57  47  40  41  39  42  42  44  53  94 129 132 126
  66  79  71  52  43  43  43  41  42  41  43  45  49  69  85 105
  65  69  54  47  48  62  58  48  46  49  47  44  47  59  80 104
  58  55  47  47  79  91  93  88  87  88  89  77  65  49  93 109
  64  69  48  54  90  76  72  80  97  90  89 100  97  48  82 109
  68  75  50  77  98  94  93  88  98  85  76  79  93  48 101 139
 105 118  68  99  95  78  80  86 107  92  72  86 105  64 134 153
 118 117  91 121 120 105  91  92 105 109  92  97 116 103 149 151
  91  91  98 119 102  91  87  96 103 109  94 112 125 109 104 106
  84  76  82 102  89  94  98  90  94 106  96  89 108  95  89  88
  73  70  73  96  92  83  96 114 126 107  88  91 102  85  79  82
  76  72  72  84  94  98  96  94 103 109 104  98  94  94  92  80
  81  80  79  89  93  93  88  92 104 111 106  96  81  88  85  75
  85  90  85 100  86  83  88  89  98  99  94  95  73  72  73  73
  60  53  60 116  92  80  73  69  73  85 105  72  48  63  70  52

 150 140  99  94 103 116 154 178 174  98  68  70  55  58  64  51
 159 149  81  74  86  85 110 149 170  94  67  68  63  66  67  78
 165 151  76  62  51  57  53  66 107  97  75  72  75  73  65  76
 140 103  59  53  59  89  83  91 106 118  91  81  73  69  65  67
 112  63  54  47  63  87  69  69  87 101  68  67  78  79  83  71
  81  53  50  48  72  74  63  47  76  71  77  78  91  90  79  92
  57  49  47  51  72  72  67  67  92  88  90  89  94  93  81  70
  60  45  47  48  70  80  80  84  88  78  70 103  81  82  74  57
  57  42  49  49  67  62  64  63  71  67  62  92  70  67  62  49
  76  41  48  58  72  52  71  61  71  61  69  74  73  65  61  50
  55  38  45  65  74  53  72  54  82  66  65  59  74  69  57  54
  59  41  40  51  73  71  76  73  95  76  61  70  74  75  63  64
  55  51  45  46  49  55  75  90 100  93  83  79  73  77  84  97
  59  66  64  47  43  48  49  55  68  76  68  63  65  68  72  66
  57  91  78  64  52  64  68  88  84  66  59  60  65  69  78  55
  72  87  69  63  59  63  63  94  84  65  77  67  72  72  73  62
 140 135 119 116 122 127 148 160 160 122 106 104 104 100  96  74
 147 140  97  91 105  93 109 147 163 115 105 100 112 107  95  94
 149 138  77  64  50  49  44  60 103 107 102  98 107 106  93  86
 130 108  54  50  62  91  85  97 110 113  94  93  94  96  91  62
 114  60  51  44  68  92  71  79  88  99  74  78  90  91  94  75
  93  52  48  46  78  81  68  61  81  77  85  75  95  96  85  98
  87  49  45  49  77  80  73  80  96  91  94  95  96  98  87  76
  89  47  45  45  76  87  87  94  91  82  77 112  85  86  81  63
  80  46  45  47  73  67  73  71  76  76  71 101  78  75  71  57
  92  49  47  57  78  59  79  68  77  70  79  80  82  76  72  60
  72  49  47  63  78  60  80  67  90  75  75  69  88  84  72  66
  78  56  48  54  74  76  85  86 104  86  74  83  89  92  80  76
  70  66  57  53  51  55  73  93 106 104  94  96  90  98 102 101
  72  80  78  60  54  52  53  65  94 109  94  86  85  92  97  62
  68 100  84  78  64  74  83 129 136 107  90  82  83  91 102  61
  78  93  72  72  63  67  75 118 137 107  89  80  82  89  97  70
 131 126 105 104 109 109 139 153 151 106  88  82  80  75  73  52
 140 132  85  80  93  82 101 134 149 104  89  79  92  85  73  70
 137 129  69  59  49  48  48  64 103 109  95  85  94  88  72  63
 122  94  49  47  65  97  93 105 116 125 108 102  94  81  73  48
  99  53  45  44  77 100  79  86  97 112  89  91  98  96  95  72
  79  44  43  47  89  89  76  72  92  94  96  88 104 106  94 105
  73  42  41  49  88  90  85  92 109 109 106 107 109 111  99  85
  73  42  42  46  87  97  98 107 105 103  94 126 103 104  98  73
  63  39  41  48  88  80  88  86  92  96  90 114  94  92  89  69
  75  41  43  58  93  72  93  80  91  87  98  96  96  88  88  73
  58  40  43  62  91  76  94  78 105  91  94  83  98  93  83  80
  64  47  43  48  79  90  98  95 120 102  89  92  94  93  86  92
  57  57  52  47  47  54  77  99 121 119 102  96  84  89 100 116
  60  72  71  54  47  48  50  68  91  98  82  73  72  79  85  60
  57  93  79  69  55  69  75 118 117  91  76  70  72  80  90  53
  69  85  66  65  58  64  68 105 118  91  84  73  76  81  85  60

  51  78  76  67  71  92  70  57  49  50  54  64  97  66  55  62
  64  67  65  65  83  79  81  74  62  61  57  63  84  72  78  73
  58  66  73  69  79  90  93  82  67  65  69  75  77  68  69  72
  55  63  75  73  78  91  94  81  70  73  74  74  73  65  65  72
  70  68  72  81  67  78  89 103  92  74  59  70  79  63  60  67
  68  67  75  91  68  77  90  70  62  69  65  61  83  68  59  77
  98  94  97 118 101  71  88  78  67  61  66  76  93  76  66  65
 174 170 107 106  87  76  92  88  71  71  82  95 100  68  84  84
 178 149  66  91  69  47  67  84  63  61  54  73  90  55  88  94
 154 110  53  83  69  63  67  80  64  71  72  76  75  49  68  63
 116  85  57  89  87  74  72  80  62  52  53  71  55  48  64  63
 103  86  51  59  63  72  72  70  67  72  74  73  49  43  52  59
  94  74  62  53  47  48  51  48  49  58  65  51  46  47  64  63
  99  81  76  59  54  50  47  47  49  48  45  40  45  64  78  69
 140 149 151 103  63  53  49  45  42  41  38  41  51  66  91  87
 150 159 165 140 112  81  57  60  57  76  55  59  55  59  57  72
  74  94  86  62  75  98  76  63  57  60  66  76 101  62  61  70
  96  95  93  91  94  85  87  81  71  72  72  80 102  97 102  97
 100 107 106  96  91  96  98  86  75  76  84  92  98  92  91  89
 104 112 107  94  90  95  96  85  78  82  88  89  90  85  83  82
 104 100  98  93  78  75  95 112 101  80  69  83  96  86  82  80
 106 105 102  94  74  85  94  77  71  79  75  74  94  94  90  89
 122 115 107 113  99  77  91  82  76  70  75  86 104 109 107 107
 160 163 103 110  88  81  96  91  76  77  90 104 106  94 136 137
 160 147  60  97  79  61  80  94  71  68  67  86  93  65 129 118
 148 109  44  85  71  68  73  87  73  79  80  85  73  53  83  75
 127  93  49  91  92  81  80  87  67  59  60  76  55  52  74  67
 122 105  50  62  68  78  77  76  73  78  78  74  51  54  64  63
 116  91  64  50  44  46  49  45  47  57  63  54  53  60  78  72
 119  97  77  54  51  48  45  45  45  47  47  48  57  78  84  72
 135 140 138 108  60  52  49  47  46  49  49  56  66  80 100  93
 140 147 149 130 114  93  87  89  80  92  72  78  70  72  68  78
  52  70  63  48  72 105  85  73  69  73  80  92 116  60  53  60
  73  73  72  73  95  94  99  98  89  88  83  86 100  85  90  85
  75  85  88  81  96 106 111 104  92  88  93  93  89  79  80  81
  80  92  94  94  98 104 109 103  94  96  98  94  84  72  72  76
  82  79  85 102  91  88 107 126 114  96  83  92  96  73  70  73
  88  89  95 108  89  96 106  94  90  98  94  89 102  82  76  84
 106 104 109 125 112  94 109 103  96  87  91 102 119  98  91  91
 151 149 103 116  97  92 109 105  92  91 105 120 121  91 117 118
 153 134  64 105  86  72  92 107  86  80  78  95  99  68 118 105
 139 101  48  93  79  76  85  98  88  93  94  98  77  50  75  68
 109  82  48  97 100  89  90  97  80  72  76  90  54  48  69  64
 109  93  49  65  77  89  88  87  88  93  91  79  47  47  55  58
 104  80  59  47  44  47  49  46  48  58  62  48  47  54  69  65
 105  85  69  49  45  43  41  42  41  43  43  43  52  71  79  66
 126 132 129  94  53  44  42  42  39  41  40  47  57  72  93  85
 131 140 137 122  99  79  73  73  63  75  58  64  57  60  57  69

  62  73  72  72  67  77  65  84  94  63  63  59  63  69  87  72
  55  78  69  65  60  59  66  84  88  68  64  52  64  78  91  57
  66  72  68  65  63  68  76  68  55  49  48  43  47  64  66  59
  97  84  77  73  79  83  93 100  90  75  55  49  46  45  51  55
  64  63  75  74  70  61  76  95  73  76  71  73  51  40  41  59
  54  57  69  74  59  65  66  82  54  72  53  74  65  45  38  55
  50  61  65  73  74  69  61  71  61  71  52  72  58  48  41  76
  49  62  67  70  92  62  67  71  63  64  62  67  49  49  42  57
  57  74  82  81 103  70  78  88  84  80  80  70  48  47  45  60
  70  81  93  94  89  90  88  92  67  67  72  72  51  47  49  57
  92  79  90  91  78  77  71  76  47  63  74  72  48  50  53  81
  71  83  79  78  67  68 101  87  69  69  87  63  47  54  63 112
  67  65  69  73  81  91 118 106  91  83  89  59  53  59 103 140
  76  65  73  75  72  75  97 107  66  53  57  51  62  76 151 165
  78  67  66  63  68  67  94 170 149 110  85  86  74  81 149 159
  51  64  58  55  70  68  98 174 178 154 116 103  94  99 140 150
  70  97  89  82  80  89 107 137 118  75  67  63  72  72  93  78
  61 102  91  83  82  90 107 136 129  83  74  64  78  84 100  68
  62  97  92  85  86  94 109  94  65  53  52  54  60  78  80  72
 101 102  98  90  96  94 104 106  93  73  55  51  53  57  66  70
  76  80  92  89  83  74  86 104  86  85  76  74  54  48  56  78
  66  72  84  88  69  75  75  90  67  80  60  78  63  47  49  72
  60  72  76  82  80  79  70  77  68  79  59  78  57  47  49  92
  57  71  75  78 101  71  76  76  71  73  67  73  47  45  46  80
  63  81  86  85 112  77  82  91  94  87  87  76  45  45  47  89
  76  87  98  96  95  94  91  96  80  73  80  77  49  45  49  87
  98  85  96  95  75  85  77  81  61  68  81  78  46  48  52  93
  75  94  91  90  78  74  99  88  79  71  92  68  44  51  60 114
  62  91  96  94  93  94 113 110  97  85  91  62  50  54 108 130
  86  93 106 107  98 102 107 103  60  44  49  50  64  77 138 149
  94  95 107 112 100 105 115 163 147 109  93 105  91  97 140 147
  74  96 100 104 104 106 122 160 160 148 127 122 116 119 135 140
  60  85  81  76  73  84  91 118 105  68  64  58  65  66  85  69
  53  90  80  72  70  76  91 117 118  75  69  55  69  79  93  57
  60  85  79  72  73  82  98  91  68  50  48  47  54  71  72  60
 116 100  89  84  96 102 119 121  99  77  54  47  47  52  57  57
  92  86  93  94  92  89 102 120  95  98  90  79  48  43  47  64
  80  83  93  98  83  94  91 105  78  94  76  91  62  43  40  58
  73  88  88  96  96  98  87  91  80  93  72  93  58  43  41  75
  69  89  92  94 114  90  96  92  86  88  80  88  48  41  39  63
  73  98 104 103 126  94 103 105 107  98  97  87  46  42  42  73
  85  99 111 109 107 106 109 109  92  85  90  88  49  41  42  73
 105  94 106 104  88  96  94  92  72  76  89  89  47  43  44  79
  72  95  96  98  91  89 112  97  86  79 100  77  44  45  53  99
  48  73  81  94 102 108 125 116 105  93  97  65  47  49  94 122
  63  72  88  94  85  95 109 103  64  48  48  49  59  69 129 137
  70  73  85  92  79  89 104 149 134 101  82  93  80  85 132 140
  52  73  75  80  82  88 106 151 153 139 109 109 104 105 126 131

